item,0
property,120